Pos	A	C	G	T
1	0.152046783625731	0.233918128654971	0.087719298245614	0.526315789473684
2	0.0	0.0	0.0409356725146199	0.95906432748538
3	0.0	0.0467836257309942	0.0	0.953216374269006
4	0.198830409356725	0.666666666666667	0.0467836257309942	0.087719298245614
5	0.181286549707602	0.725146198830409	0.0	0.0935672514619883
6	0.257309941520468	0.514619883040936	0.192982456140351	0.0350877192982456
7	0.701754385964912	0.192982456140351	0.105263157894737	0.0
8	0.0	0.0409356725146199	0.853801169590643	0.105263157894737
9	0.95906432748538	0.0	0.0409356725146199	0.0
10	1.0	0.0	0.0	0.0
11	0.514619883040936	0.105263157894737	0.233918128654971	0.146198830409357
12	0.578947368421053	0.175438596491228	0.0467836257309942	0.198830409356725
13	0.244152046783626	0.25	0.402046783625731	0.103801169590643
